42450 0.0 0.0 50348
42587 0.0 0.0 51412
42648 0.0 0.0 50796
42721 0.0 0.0 51412
42770 0.0 0.0 51388
42844 0.0 0.0 50508
42978 0.0 0.0 50584
43035 0.0 0.0 51668
43174 0.0 0.0 51148
43358 0.0 0.0 50816
43476 0.0 0.0 50232
43608 0.0 0.0 51340
43743 0.0 0.0 49728
43840 0.0 0.0 51064
43983 0.0 0.0 51108
44119 0.0 0.0 50572
44195 0.0 0.0 50484
44348 0.0 0.0 50532
44604 0.0 0.0 50688
44705 0.0 0.0 50712
44846 0.0 0.0 50760
44995 0.0 0.0 51216
45091 0.0 0.0 50640
45272 0.0 0.0 50644
45446 0.0 0.0 51140
45519 0.0 0.0 50836
45713 0.0 0.0 50680
45959 0.0 0.0 51392
46071 0.0 0.0 51564
46261 0.0 0.0 50988
46412 0.0 0.0 50616
46504 0.0 0.0 51540
46786 0.0 0.0 51288
46979 0.0 0.0 50412
47106 0.0 0.0 51156
47324 0.0 0.0 51124
47557 0.0 0.0 51416
47967 0.0 0.0 50840
50017 0.0 0.0 51016
50245 0.0 0.0 51300
50332 0.0 0.0 50044
50388 0.0 0.0 51296
50437 0.0 0.0 51068
50511 0.0 0.0 51136
50677 0.0 0.0 51296
50812 0.0 0.0 50720
50904 0.0 0.0 50444
51127 0.0 0.0 50556
51241 0.0 0.0 51088
51417 0.0 0.0 50064
51553 0.0 0.0 50544
51736 0.0 0.0 51140
51818 0.0 0.0 50656
51977 0.0 0.0 51292
52166 0.0 0.0 51108
52231 0.0 0.0 51192
52502 0.0 0.0 50980
52695 0.0 0.0 51120
52744 0.0 0.0 50504
52969 0.0 0.0 50744
53117 0.0 0.0 51236
53240 0.0 0.0 51288
53389 0.0 0.0 50780
53548 0.0 0.0 51100
53771 0.0 0.0 49984
53928 0.0 0.0 50624
54126 0.0 0.0 50368
54324 0.0 0.0 51292
54411 0.0 0.0 51276
54576 0.0 0.0 50036
54776 0.0 0.0 50716
54957 0.0 0.0 50852
55079 0.0 0.0 51220
55290 0.0 0.0 51304
55658 0.0 0.0 50740
55843 0.0 0.0 50892
56139 0.0 0.0 51340
56857 0.0 0.0 50340
56906 0.0 0.0 50612
56967 0.0 0.0 50324
57040 0.0 0.0 50324
57103 0.0 0.0 51384
57191 0.0 0.0 50516
57240 0.0 0.0 50764
57326 0.0 0.0 50816
57401 0.0 0.0 51100
57470 0.0 0.0 51368
57568 0.0 0.0 51432
57617 0.0 0.0 51348
57717 0.0 0.0 50756
57790 0.0 0.0 50476
57864 0.0 0.0 50788
57972 0.0 0.0 50612
58021 0.0 0.0 51220
58136 0.0 0.0 50656
58209 0.0 0.0 50260
58344 0.0 0.0 51084
58462 0.0 0.0 51020
58511 0.0 0.0 51060
111055 0.2 0.0 51648
111158 0.2 0.0 51140
111231 0.2 0.0 50112
111299 0.2 0.0 50672
111387 0.2 0.0 51112
111468 0.2 0.0 51444
111575 0.2 0.0 50788
111649 0.2 0.0 50832
111736 0.2 0.0 50988
111823 0.2 0.0 51216
111905 0.2 0.0 49972
112020 0.2 0.0 51332
112104 0.2 0.0 51280
112191 0.2 0.0 50980
112278 0.2 0.0 51364
112341 0.2 0.0 50892
112427 0.2 0.0 50068
112521 0.2 0.0 50928
112584 0.2 0.0 50680
112648 0.2 0.0 50728
112711 0.2 0.0 50872
112802 0.2 0.0 51200
112906 0.2 0.0 51488
112969 0.2 0.0 51296
113032 0.2 0.0 51204
113095 0.2 0.0 51404
113191 0.2 0.0 50684
113305 0.2 0.0 50184
113368 0.2 0.0 50972
113431 0.2 0.0 49708
113494 0.2 0.0 50172
113595 0.2 0.0 50024
113719 0.2 0.0 50788
113782 0.2 0.0 50412
113846 0.2 0.0 50944
113909 0.2 0.0 51332
114016 0.2 0.0 51008
114150 0.2 0.0 50688
114206 0.2 0.0 50488
114269 0.2 0.0 51036
114333 0.2 0.0 50824
114446 0.2 0.0 51308
114590 0.2 0.0 51708
114653 0.2 0.0 51236
114716 0.2 0.0 51252
114779 0.2 0.0 51472
114895 0.2 0.0 51664
115049 0.2 0.0 51496
115112 0.2 0.0 51500
115175 0.2 0.0 51136
115238 0.2 0.0 50628
115359 0.2 0.0 51316
115525 0.2 0.0 51268
115588 0.2 0.0 51460
115651 0.2 0.0 50640
115714 0.2 0.0 50516
115843 0.2 0.0 51264
116017 0.2 0.0 50800
116122 0.2 0.0 50500
116191 0.2 0.0 51624
116278 0.2 0.0 50744
116433 0.2 0.0 50392
116617 0.2 0.0 50696
116680 0.2 0.0 51908
116744 0.2 0.0 51256
116807 0.2 0.0 49532
116944 0.2 0.0 51100
117139 0.2 0.0 51340
117202 0.2 0.0 51768
117265 0.2 0.0 51372
117329 0.2 0.0 51072
117470 0.2 0.0 51152
117674 0.2 0.0 51164
117737 0.2 0.0 51020
117800 0.2 0.0 51348
117863 0.2 0.0 51644
118009 0.2 0.0 51260
118225 0.2 0.0 50684
118288 0.2 0.0 51036
118351 0.2 0.0 51856
118414 0.2 0.0 51508
118565 0.2 0.0 51252
118789 0.2 0.0 50832
118852 0.2 0.0 51336
118916 0.2 0.0 51200
118979 0.2 0.0 50640
119135 0.2 0.0 50464
119372 0.2 0.0 51640
119435 0.2 0.0 51420
119498 0.2 0.0 50600
119561 0.2 0.0 52132
119722 0.2 0.0 50944
119966 0.2 0.0 51364
120029 0.2 0.0 51216
120093 0.2 0.0 50464
120156 0.2 0.0 51320
120323 0.2 0.0 50864
120577 0.2 0.0 51308
120640 0.2 0.0 51068
120703 0.2 0.0 51072
163746 0.0 0.0 2028
